Training Timestamp: 20250717_223122

accuracy: [0.7971147894859314, 0.8551258444786072, 0.8815224170684814, 0.8891957998275757, 0.9027010202407837, 0.908839762210846, 0.9180479049682617, 0.9186617732048035, 0.923265814781189, 0.9294045567512512]
loss: [0.45804449915885925, 0.3460104763507843, 0.29196134209632874, 0.2719062864780426, 0.24467742443084717, 0.23268696665763855, 0.2166103571653366, 0.21170121431350708, 0.20615677535533905, 0.19536559283733368]
val_accuracy: [0.8329238295555115, 0.872235894203186, 0.875921368598938, 0.8894348740577698, 0.9004914164543152, 0.9054054021835327, 0.8931204080581665, 0.8992629051208496, 0.9029483795166016, 0.9103193879127502]
val_loss: [0.3846643567085266, 0.3101155757904053, 0.2924636900424957, 0.27826645970344543, 0.2510395348072052, 0.258125364780426, 0.2631942331790924, 0.24934670329093933, 0.24378326535224915, 0.22609545290470123]
