Training Timestamp: 20250716_101316

accuracy: [0.7915899157524109, 0.8492940664291382, 0.8787599802017212, 0.8953345417976379, 0.9020871520042419, 0.9094536304473877, 0.9201964139938354, 0.9205033779144287, 0.9275628924369812, 0.9306322932243347]
loss: [0.44970598816871643, 0.33965957164764404, 0.2911297082901001, 0.2606343626976013, 0.24687924981117249, 0.22885185480117798, 0.21364808082580566, 0.2086377739906311, 0.19765251874923706, 0.193516343832016]
val_accuracy: [0.8390663266181946, 0.85012286901474, 0.8796069025993347, 0.8882063627243042, 0.8808353543281555, 0.9078624248504639, 0.9066339135169983, 0.9041768908500671, 0.9090909361839294, 0.898034393787384]
val_loss: [0.3812735378742218, 0.32956093549728394, 0.3052545189857483, 0.26975956559181213, 0.26830998063087463, 0.23296386003494263, 0.23908576369285583, 0.23823438584804535, 0.22449840605258942, 0.23306863009929657]
